function x0=bpros273_2019_i()
x0=[1.150742012682244e-09
6.042777318921259e-12
1.372111036608103e-09
2.04443444640166e-09
2.889212480277333e-08
5.009949439323456e-09
7.533080555811661e-09
3.512075737629479e-08
1.27162961782764e-06
8.804733333043698e-07
0.0007275326112834171
2.293217333262806e-08
1.469344739491215e-08
3.562398843758088e-10
4.082654623827823e-08
1.692438220040707e-07
2.795724155912424e-07
1.507783481243918e-07
6.254779696965427e-07
3.407415170377977e-07
1.532577571706753e-05
4.944175723313133e-05
0.007022294034002721
3.485183945638683e-09
7.563890448844426e-10
5.735384488344415e-11
6.83483810976024e-09
9.595074149135546e-09
5.648189015323588e-08
2.521819001206364e-08
3.533955831940504e-08
6.879701207277996e-08
2.881639700649798e-06
3.652328529497169e-06
0.00141954968290906
7.706534800923342e-09
5.311529083701816e-06
2.116324567831188e-10
1.086527846116513e-07
6.060899746288319e-06
7.311414903030714e-07
4.006902389434251e-07
2.253533042058354e-05
8.908618383246859e-07
4.832730764251042e-05
0.0002778364841363554
0.01836981979154615
9.437501522112207e-09
1.407012238622038e-09
1.591556195931118e-10
1.931568329733535e-08
1.934209876147891e-08
1.702418785547377e-07
7.123758935010023e-08
7.107086116786559e-08
2.073212129245566e-07
8.546672596075016e-06
8.663631518782514e-06
0.004279436745385267
2.17179549185975e-08
1.462179374628634e-05
6.253825356685166e-10
3.128890965247487e-07
1.672944539545685e-05
2.203837638953754e-06
1.153553808155831e-06
6.22003940497173e-05
2.685002899445809e-06
0.0001433953967547895
0.0007947407951613512
0.05537635464262194
3.82647101956534e-09
1.049231449314815e-06
1.217054716742096e-10
5.733401001586158e-08
1.214168598055897e-06
4.457506830490115e-07
2.112928021588767e-07
4.513606885915417e-06
5.42961135633807e-07
2.745958974084503e-05
6.541008851297414e-05
0.01120261598755882
9.994974982225491e-06
4.08361351592867e-06
1.102887024743953e-07
1.178339164712349e-05
3.901931938125627e-05
4.640824300170167e-06
4.379899753843523e-05
0.000144710522813134
5.949176966914533e-06
0.0007254366217806325
0.004035832388804074
0.1108353312570126
7.082843164342767e-10
1.21634118337401e-07
2.404228271769519e-11
1.095093409646851e-08
1.425670183496136e-07
9.158937528854605e-08
4.034322964769541e-08
5.298899277352115e-07
1.115443713865911e-07
5.432222917795585e-06
8.745664584265448e-06
0.00230219681123312
1.845200455408892e-06
7.691318248931775e-07
2.171799231861255e-08
2.183312696917728e-06
7.346931486629275e-06
9.520776501583904e-07
8.115084254453579e-06
2.724554372552878e-05
1.218015881905328e-06
0.0001385345410858903
0.0007622710316804576
0.02278559466019385
3.216284358212328e-07
6.246288110169983e-08
4.068950861393507e-09
3.825550789779968e-07
5.901553262454957e-07
1.919872348706241e-07
1.421836888535759e-06
2.184829390780462e-06
2.447609064173128e-07
2.519930590069495e-05
6.335160934551281e-05
0.004611208656884008
6.849944385982249e-07
0.0007067200377464342
8.264499033726123e-09
6.277345903013598e-06
0.00077760224295917
2.892859785280438e-06
2.330807835727726e-05
0.002892634801463035
3.68301562359897e-06
0.0007047665321556946
0.01770440990495008
0.06958916540372778
2.917020244129706e-11
6.880288309210631e-09
2.309345459836153e-08
3.281714028296025e-05
3.616532067989629e-08
1.086030685540459e-07
3.791951404824259e-07
0.0003261502537038218
6.90757783740634e-09
2.150731434274203e-08
7.498722513754147e-08
6.59890509800899e-05
1.405725526509536e-08
3.229230388871622e-07
1.125279842773392e-06
0.0009989559884419931
6.056645914765124e-11
8.633167367043328e-09
1.968681921660874e-12
9.518444255684063e-10
1.019923740837982e-08
8.381389148795957e-09
3.505628146057084e-09
3.790416637805277e-08
1.020615717896948e-08
4.848742829636083e-07
6.754192426780474e-07
0.0002107010213374957
1.544743502836489e-07
6.597124729080923e-08
1.892475396973447e-09
1.833411849300044e-07
6.302037258193021e-07
8.692381301022937e-08
6.814305950853295e-07
2.336985077115966e-06
1.109549817893741e-07
1.195342187728752e-05
6.567001614909855e-05
0.002085119277747823
2.828117176246398e-08
5.522916991728689e-09
3.62212183807465e-10
3.368553558110334e-08
5.217470319929587e-08
1.754840216851798e-08
1.251963279652143e-07
1.931514718133813e-07
2.234518114900271e-08
2.248006665390395e-06
5.622602700851909e-06
0.0004220078454505179
6.172712727166575e-08
6.384016276755367e-05
7.467249901221537e-10
5.657668634505623e-07
7.024406077710031e-05
2.641215049268392e-07
2.100706701207637e-06
0.0002613037480602838
3.36096408694311e-07
6.36877827157353e-05
0.001599889642198374
0.006356836054525654
8.826279997502761e-11
2.3267679215429e-08
7.792518235993092e-08
0.0001132291635977359
6.527791506739992e-09
2.316669016123352e-07
7.784623979304524e-07
0.001093476150412498
1.039453439154521e-09
4.649168305135629e-08
1.561042572400962e-07
0.0002210135226906661
3.353785622037242e-09
6.042078282095909e-07
2.029533616473902e-06
0.002861901931618161
2.87098536250664e-09
1.398419872682731e-07
4.694324666319984e-07
0.0006662541422293861
9.8658987256023e-09
1.819203587820391e-06
6.109922833831206e-06
0.00862707869002829
1.903101899940233e-09
3.671272918945941e-07
1.232709912500677e-06
0.00174509128049815
2.117880524594289e-06
5.997021906596121e-06
2.098982319957288e-05
0.0173457355719576
3.725518041870135e-10
7.529267270139e-08
2.527579212132556e-07
0.0003585950132757062
4.158235815247457e-07
1.210476158127293e-06
4.231831685828881e-06
0.003565021494371083
7.764437043419861e-08
2.375063678917223e-07
8.286668946840303e-07
0.0007211483373852049
1.556229722727696e-07
3.550474383908248e-06
1.237577884694134e-05
0.0109368869076773
0.02038987596304805
0.09685635320018406
8.979054146390016e-05
4.592260292539706e-06
0.04591693768377778
0.002161944090961458
0.0008792453313785706
0.01157950063114535
0.0002065814458514732
5.948099420806622
138.1398090830155
7.682369199659234
1.021557502493506e-06
0.09471225391610763
4.084703923341577
3.367829036607654
1.078170725564605e-06
0.15];
endfunction
