horse.fmnh[]={0, 9.056359999999999e-05, 0.000800642, 0.0065, 0.0989, 0.437, 0.804, 1};
horse.fs[]={0, 0.00146, 0.00433, 0.0122, 0.0447, 0.0712, 0.195, 0};
horse.fmn[]={1, 0.998, 0.994, 0.981, 0.856, 0.49, 0, 0};
horse.n5red[]={0, 0.249, 0.496, 0.739, 0.922, 0.97, 0.956, 1};
horse.n6ar[]={0, 1, 0, 0};
horse.n2red[]={0, 1, 0, 0};
horse.f2s[]={0, 0.13511, 0.44567, 0.97849, 1};
horse.br[]={0, 0.29294, 0.68074, 0.99178, 1};
horse.bhr[]={0, 0.5486148322105801, 0.028990702336663, 1};
horse.sqi[]={0, 0.45138516778941, 0.028990702336663, 0};
horse.qhi[]={0, 0, 0.97100929766333, 1};
horse.fesr[]={0, 0.67727729241309, 1};
horse.c1r[]={0, 0.3227227075869, 1};
