function x0=f14eq_i()
x0=[ 1.704583592561821
 118.4138908537629
 0.3689631073040633
 0.4836273698381554
 42.09619659128277
 0.0264431999679733
 0.01506430149265564
 0.06115397720997829
 0.1322160030444979
 8.068133026192839e-06
 0.02481722024304825
 19.96796057892666
 0.9685909520191671
 0.8200988458361306];
%endfunction
end
